-2.180681884765625000e+03 -1.078508300781250000e+03 4.442000000000000000e+03
-2.155153808593750000e+03 -1.051970581054687500e+03 4.390000000000000000e+03
-0.000000000000000000e+00 -0.000000000000000000e+00 0.000000000000000000e+00
-1.200798706054687500e+03 4.215751037597656250e+02 2.446000000000000000e+03
-2.927989257812500000e+03 -7.346020507812500000e+02 6.003000000000000000e+03
-3.427955810546875000e+03 -1.022589965820312500e+03 7.074000000000000000e+03
-1.590171386718750000e+03 -2.699046325683593750e+02 3.325000000000000000e+03
-1.064143188476562500e+03 3.503013610839843750e+02 2.383000000000000000e+03
-1.065902465820312500e+03 3.305328979492187500e+02 2.404000000000000000e+03
-1.025997558593750000e+03 3.401583557128906250e+02 2.314000000000000000e+03
-1.029103271484375000e+03 4.102706604003906250e+02 2.425000000000000000e+03
-9.481043090820312500e+02 4.734898071289062500e+02 2.559000000000000000e+03
-9.525502929687500000e+02 4.838579101562500000e+02 2.571000000000000000e+03
-9.569962768554687500e+02 4.943020324707031250e+02 2.583000000000000000e+03
-9.636652221679687500e+02 5.059894409179687500e+02 2.601000000000000000e+03
-6.821297607421875000e+02 3.200592651367187500e+02 1.857000000000000000e+03
-6.799257812500000000e+02 3.248911437988281250e+02 1.851000000000000000e+03
-6.766198120117187500e+02 3.291489257812500000e+02 1.842000000000000000e+03
-6.744158325195312500e+02 3.338952331542968750e+02 1.836000000000000000e+03
-6.722118530273437500e+02 3.386035156250000000e+02 1.830000000000000000e+03
-6.711098632812500000e+02 3.438383483886718750e+02 1.827000000000000000e+03
-9.532184448242187500e+02 4.965984497070312500e+02 2.595000000000000000e+03
-9.576264038085937500e+02 5.071566772460937500e+02 2.607000000000000000e+03
-9.668096313476562500e+02 5.203611450195312500e+02 2.632000000000000000e+03
-9.734215087890625000e+02 5.323179321289062500e+02 2.650000000000000000e+03
-9.759928588867187500e+02 5.421442871093750000e+02 2.657000000000000000e+03
-9.781968383789062500e+02 5.518078613281250000e+02 2.663000000000000000e+03
-6.762447509765625000e+02 3.141742858886718750e+02 1.857000000000000000e+03
-6.751522827148437500e+02 3.195422058105468750e+02 1.854000000000000000e+03
-6.729672851562500000e+02 3.243645629882812500e+02 1.848000000000000000e+03
-6.707823486328125000e+02 3.291489257812500000e+02 1.842000000000000000e+03
-6.696898803710937500e+02 3.344408264160156250e+02 1.839000000000000000e+03
-6.675048828125000000e+02 3.391585998535156250e+02 1.833000000000000000e+03
-6.675048828125000000e+02 3.449675292968750000e+02 1.833000000000000000e+03
-6.675048828125000000e+02 3.507764892578125000e+02 1.833000000000000000e+03
-6.685973510742187500e+02 3.571690368652343750e+02 1.836000000000000000e+03
-9.628385009765625000e+02 5.227335815429687500e+02 2.644000000000000000e+03
-9.723066406250000000e+02 5.363353881835937500e+02 2.670000000000000000e+03
-9.744915771484375000e+02 5.460211181640625000e+02 2.676000000000000000e+03
-9.770407104492187500e+02 5.559520874023437500e+02 2.683000000000000000e+03
-9.770407104492187500e+02 5.644547729492187500e+02 2.683000000000000000e+03
-6.649448852539062500e+02 3.057990417480468750e+02 1.842000000000000000e+03
-6.660278320312500000e+02 3.121440734863281250e+02 1.845000000000000000e+03
-6.660278320312500000e+02 3.179910278320312500e+02 1.845000000000000000e+03
-6.660278320312500000e+02 3.238380126953125000e+02 1.845000000000000000e+03
-6.649448852539062500e+02 3.291489257812500000e+02 1.842000000000000000e+03
-6.638618774414062500e+02 3.344408264160156250e+02 1.839000000000000000e+03
-6.627789306640625000e+02 3.397136840820312500e+02 1.836000000000000000e+03
-6.616959838867187500e+02 3.449675292968750000e+02 1.833000000000000000e+03
-6.627789306640625000e+02 3.513505859375000000e+02 1.836000000000000000e+03
-6.627789306640625000e+02 3.571690368652343750e+02 1.836000000000000000e+03
-6.616959838867187500e+02 3.623943481445312500e+02 1.833000000000000000e+03
-6.627789306640625000e+02 3.688059387207031250e+02 1.836000000000000000e+03
-9.732309570312500000e+02 5.501019897460937500e+02 2.696000000000000000e+03
-9.732309570312500000e+02 5.586458740234375000e+02 2.696000000000000000e+03
-9.732309570312500000e+02 5.671897583007812500e+02 2.696000000000000000e+03
-9.753968505859375000e+02 5.770148925781250000e+02 2.702000000000000000e+03
-9.753968505859375000e+02 5.855778198242187500e+02 2.702000000000000000e+03
-6.537401123046875000e+02 2.975188903808593750e+02 1.827000000000000000e+03
-6.558870239257812500e+02 3.043049316406250000e+02 1.833000000000000000e+03
-6.569605102539062500e+02 3.106213989257812500e+02 1.836000000000000000e+03
-6.580339355468750000e+02 3.169569091796875000e+02 1.839000000000000000e+03
-6.580339355468750000e+02 3.227848815917968750e+02 1.839000000000000000e+03
-6.591074218750000000e+02 3.291489257812500000e+02 1.842000000000000000e+03
-6.601808471679687500e+02 3.355319824218750000e+02 1.845000000000000000e+03
-6.591074218750000000e+02 3.408238525390625000e+02 1.842000000000000000e+03
-6.591074218750000000e+02 3.466613159179687500e+02 1.842000000000000000e+03
-6.591074218750000000e+02 3.524987792968750000e+02 1.842000000000000000e+03
-6.569605102539062500e+02 3.571690368652343750e+02 1.836000000000000000e+03
-6.569605102539062500e+02 3.629874877929687500e+02 1.836000000000000000e+03
-6.580339355468750000e+02 3.694085388183593750e+02 1.839000000000000000e+03
-6.569605102539062500e+02 3.746243591308593750e+02 1.836000000000000000e+03
-9.668339843750000000e+02 5.598891601562500000e+02 2.702000000000000000e+03
-9.693387451171875000e+02 5.699247436523437500e+02 2.709000000000000000e+03
-9.693387451171875000e+02 5.785097656250000000e+02 2.709000000000000000e+03
-9.714856567382812500e+02 5.883951416015625000e+02 2.715000000000000000e+03
-9.739904174804687500e+02 5.985384521484375000e+02 2.722000000000000000e+03
-6.479501342773437500e+02 2.917289733886718750e+02 1.827000000000000000e+03
-6.479501342773437500e+02 2.975188903808593750e+02 1.827000000000000000e+03
-6.479501342773437500e+02 3.033088378906250000e+02 1.827000000000000000e+03
-6.490140991210937500e+02 3.096063232421875000e+02 1.830000000000000000e+03
-6.500780639648437500e+02 3.159227905273437500e+02 1.833000000000000000e+03
-6.511420288085937500e+02 3.222583007812500000e+02 1.836000000000000000e+03
-6.522059936523437500e+02 3.286128540039062500e+02 1.839000000000000000e+03
-6.532699584960937500e+02 3.349863891601562500e+02 1.842000000000000000e+03
-6.532699584960937500e+02 3.408238525390625000e+02 1.842000000000000000e+03
-6.532699584960937500e+02 3.466613159179687500e+02 1.842000000000000000e+03
-6.543339233398437500e+02 3.530728759765625000e+02 1.845000000000000000e+03
-6.532699584960937500e+02 3.583362426757812500e+02 1.842000000000000000e+03
-6.522059936523437500e+02 3.635805969238281250e+02 1.839000000000000000e+03
-6.522059936523437500e+02 3.694085388183593750e+02 1.839000000000000000e+03
-6.500780639648437500e+02 3.740122375488281250e+02 1.833000000000000000e+03
-6.490140991210937500e+02 3.791995544433593750e+02 1.830000000000000000e+03
-9.607536621093750000e+02 5.699247436523437500e+02 2.709000000000000000e+03
-9.628815917968750000e+02 5.797910766601562500e+02 2.715000000000000000e+03
-9.653641967773437500e+02 5.899122314453125000e+02 2.722000000000000000e+03
-9.653641967773437500e+02 5.985384521484375000e+02 2.722000000000000000e+03
-6.442691650390625000e+02 2.868780822753906250e+02 1.833000000000000000e+03
-6.421602172851562500e+02 2.917289733886718750e+02 1.827000000000000000e+03
-6.411057739257812500e+02 2.970303649902343750e+02 1.824000000000000000e+03
-6.411057739257812500e+02 3.028107910156250000e+02 1.824000000000000000e+03
-6.411057739257812500e+02 3.085912170410156250e+02 1.824000000000000000e+03
-6.421602172851562500e+02 3.148886718750000000e+02 1.827000000000000000e+03
-6.432146606445312500e+02 3.212051696777343750e+02 1.830000000000000000e+03
-6.453236083984375000e+02 3.280767822265625000e+02 1.836000000000000000e+03
-6.463780517578125000e+02 3.344408264160156250e+02 1.839000000000000000e+03
-6.463780517578125000e+02 3.402687683105468750e+02 1.839000000000000000e+03
-6.474324951171875000e+02 3.466613159179687500e+02 1.842000000000000000e+03
-6.474324951171875000e+02 3.524987792968750000e+02 1.842000000000000000e+03
-6.463780517578125000e+02 3.577526245117187500e+02 1.839000000000000000e+03
-6.453236083984375000e+02 3.629874877929687500e+02 1.836000000000000000e+03
-6.453236083984375000e+02 3.688059387207031250e+02 1.836000000000000000e+03
-6.432146606445312500e+02 3.734001159667968750e+02 1.830000000000000000e+03
-6.432146606445312500e+02 3.791995544433593750e+02 1.830000000000000000e+03
-9.542775268554687500e+02 5.711870117187500000e+02 2.715000000000000000e+03
-9.567379150390625000e+02 5.812859497070312500e+02 2.722000000000000000e+03
-9.567379150390625000e+02 5.899122314453125000e+02 2.722000000000000000e+03
-9.591983032226562500e+02 6.000776977539062500e+02 2.729000000000000000e+03
-9.591983032226562500e+02 6.087261352539062500e+02 2.729000000000000000e+03
-6.384602050781250000e+02 2.868780822753906250e+02 1.833000000000000000e+03
-6.363703002929687500e+02 2.917289733886718750e+02 1.827000000000000000e+03
-6.353253784179687500e+02 2.970303649902343750e+02 1.824000000000000000e+03
-6.342803955078125000e+02 3.023127441406250000e+02 1.821000000000000000e+03
-6.332354736328125000e+02 3.075761108398437500e+02 1.818000000000000000e+03
-6.342803955078125000e+02 3.138545532226562500e+02 1.821000000000000000e+03
-6.342803955078125000e+02 3.196254882812500000e+02 1.821000000000000000e+03
-6.363703002929687500e+02 3.264685668945312500e+02 1.827000000000000000e+03
-6.384602050781250000e+02 3.333496398925781250e+02 1.833000000000000000e+03
-6.384602050781250000e+02 3.391585998535156250e+02 1.833000000000000000e+03
-6.395051269531250000e+02 3.455321350097656250e+02 1.836000000000000000e+03
-6.395051269531250000e+02 3.513505859375000000e+02 1.836000000000000000e+03
-6.374152221679687500e+02 3.560018005371093750e+02 1.830000000000000000e+03
-6.363703002929687500e+02 3.612081298828125000e+02 1.827000000000000000e+03
-6.363703002929687500e+02 3.669980468750000000e+02 1.827000000000000000e+03
-6.363703002929687500e+02 3.727879638671875000e+02 1.827000000000000000e+03
-6.353253784179687500e+02 3.779562683105468750e+02 1.824000000000000000e+03
-9.481116333007812500e+02 5.726596679687500000e+02 2.722000000000000000e+03
-9.481116333007812500e+02 5.812859497070312500e+02 2.722000000000000000e+03
-9.505498657226562500e+02 5.914292602539062500e+02 2.729000000000000000e+03
-9.505498657226562500e+02 6.000776977539062500e+02 2.729000000000000000e+03
-9.505498657226562500e+02 6.087261352539062500e+02 2.729000000000000000e+03
-6.326512451171875000e+02 2.810691528320312500e+02 1.833000000000000000e+03
-6.305803833007812500e+02 2.859390563964843750e+02 1.827000000000000000e+03
-6.295449218750000000e+02 2.912499389648437500e+02 1.824000000000000000e+03
-6.274740600585937500e+02 2.960532836914062500e+02 1.818000000000000000e+03
-6.264386596679687500e+02 3.013166503906250000e+02 1.815000000000000000e+03
-6.254031982421875000e+02 3.065610046386718750e+02 1.812000000000000000e+03
-6.254031982421875000e+02 3.123034057617187500e+02 1.812000000000000000e+03
-6.264386596679687500e+02 3.185723571777343750e+02 1.815000000000000000e+03
-6.274740600585937500e+02 3.248603515625000000e+02 1.818000000000000000e+03
-6.285095214843750000e+02 3.311673278808593750e+02 1.821000000000000000e+03
-6.295449218750000000e+02 3.374933166503906250e+02 1.824000000000000000e+03
-6.295449218750000000e+02 3.432737426757812500e+02 1.824000000000000000e+03
-6.285095214843750000e+02 3.484800720214843750e+02 1.821000000000000000e+03
-6.285095214843750000e+02 3.542509765625000000e+02 1.821000000000000000e+03
-6.274740600585937500e+02 3.594287719726562500e+02 1.818000000000000000e+03
-6.274740600585937500e+02 3.651901855468750000e+02 1.818000000000000000e+03
-6.285095214843750000e+02 3.715637207031250000e+02 1.821000000000000000e+03
-6.285095214843750000e+02 3.773346252441406250e+02 1.821000000000000000e+03
-6.295449218750000000e+02 3.837366943359375000e+02 1.824000000000000000e+03
-9.419014282226562500e+02 5.827808227539062500e+02 2.729000000000000000e+03
-9.419014282226562500e+02 5.914292602539062500e+02 2.729000000000000000e+03
-9.419014282226562500e+02 6.000776977539062500e+02 2.729000000000000000e+03
-9.419014282226562500e+02 6.087261352539062500e+02 2.729000000000000000e+03
-9.419014282226562500e+02 6.173745727539062500e+02 2.729000000000000000e+03
-6.227385864257812500e+02 2.792290954589843750e+02 1.821000000000000000e+03
-6.217126464843750000e+02 2.845304870605468750e+02 1.818000000000000000e+03
-6.206867675781250000e+02 2.898128662109375000e+02 1.815000000000000000e+03
-6.186348876953125000e+02 2.945876770019531250e+02 1.809000000000000000e+03
-6.176089477539062500e+02 2.998225097656250000e+02 1.806000000000000000e+03
-6.165830078125000000e+02 3.050383605957031250e+02 1.803000000000000000e+03
-6.165830078125000000e+02 3.107522277832031250e+02 1.803000000000000000e+03
-6.165830078125000000e+02 3.164660949707031250e+02 1.803000000000000000e+03
-6.176089477539062500e+02 3.227160644531250000e+02 1.806000000000000000e+03
-6.176089477539062500e+02 3.284394226074218750e+02 1.806000000000000000e+03
-6.186348876953125000e+02 3.347178955078125000e+02 1.809000000000000000e+03
-6.186348876953125000e+02 3.404507751464843750e+02 1.809000000000000000e+03
-6.186348876953125000e+02 3.461836547851562500e+02 1.809000000000000000e+03
-6.186348876953125000e+02 3.519165344238281250e+02 1.809000000000000000e+03
-6.176089477539062500e+02 3.570563049316406250e+02 1.806000000000000000e+03
-6.196608276367187500e+02 3.639849243164062500e+02 1.812000000000000000e+03
-6.206867675781250000e+02 3.703394470214843750e+02 1.815000000000000000e+03
-6.217126464843750000e+02 3.767129821777343750e+02 1.818000000000000000e+03
-6.227385864257812500e+02 3.831055297851562500e+02 1.821000000000000000e+03
-9.353048095703125000e+02 5.840621337890625000e+02 2.735000000000000000e+03
-9.353048095703125000e+02 5.927295532226562500e+02 2.735000000000000000e+03
-9.353048095703125000e+02 6.013970336914062500e+02 2.735000000000000000e+03
-9.353048095703125000e+02 6.100645141601562500e+02 2.735000000000000000e+03
-9.332529296875000000e+02 6.173745727539062500e+02 2.729000000000000000e+03
-6.139183959960937500e+02 2.778490600585937500e+02 1.812000000000000000e+03
-6.118855590820312500e+02 2.826524047851562500e+02 1.806000000000000000e+03
-6.108691406250000000e+02 2.878967285156250000e+02 1.803000000000000000e+03
-6.098527221679687500e+02 2.931220703125000000e+02 1.800000000000000000e+03
-6.088363037109375000e+02 2.983283996582031250e+02 1.797000000000000000e+03
-6.078198852539062500e+02 3.035156860351562500e+02 1.794000000000000000e+03
-6.078198852539062500e+02 3.092010498046875000e+02 1.794000000000000000e+03
-6.078198852539062500e+02 3.148863830566406250e+02 1.794000000000000000e+03
-6.078198852539062500e+02 3.205717468261718750e+02 1.794000000000000000e+03
-6.088363037109375000e+02 3.268026733398437500e+02 1.797000000000000000e+03
-6.088363037109375000e+02 3.324975280761718750e+02 1.797000000000000000e+03
-6.088363037109375000e+02 3.381923828125000000e+02 1.797000000000000000e+03
-6.088363037109375000e+02 3.438872375488281250e+02 1.797000000000000000e+03
-6.108691406250000000e+02 3.507493286132812500e+02 1.803000000000000000e+03
-6.108691406250000000e+02 3.564631958007812500e+02 1.803000000000000000e+03
-6.129019775390625000e+02 3.633822937011718750e+02 1.809000000000000000e+03
-6.149348144531250000e+02 3.703394470214843750e+02 1.815000000000000000e+03
-6.169677124023437500e+02 3.773346252441406250e+02 1.821000000000000000e+03
-6.179841308593750000e+02 3.837366943359375000e+02 1.824000000000000000e+03
-6.200169677734375000e+02 3.907984008789062500e+02 1.830000000000000000e+03
-9.266373291015625000e+02 5.927295532226562500e+02 2.735000000000000000e+03
-9.266373291015625000e+02 6.013970336914062500e+02 2.735000000000000000e+03
-9.266373291015625000e+02 6.100645141601562500e+02 2.735000000000000000e+03
-9.266373291015625000e+02 6.187319335937500000e+02 2.735000000000000000e+03
-6.041483764648437500e+02 2.760090026855468750e+02 1.800000000000000000e+03
-6.041483764648437500e+02 2.817133483886718750e+02 1.800000000000000000e+03
-6.031414794921875000e+02 2.869386901855468750e+02 1.797000000000000000e+03
-6.021345214843750000e+02 2.921449890136718750e+02 1.794000000000000000e+03
-6.021345214843750000e+02 2.978303527832031250e+02 1.794000000000000000e+03
-6.011276245117187500e+02 3.030081481933593750e+02 1.791000000000000000e+03
-6.011276245117187500e+02 3.086839904785156250e+02 1.791000000000000000e+03
-6.011276245117187500e+02 3.143598327636718750e+02 1.791000000000000000e+03
-6.011276245117187500e+02 3.200356750488281250e+02 1.791000000000000000e+03
-6.021345214843750000e+02 3.262571105957031250e+02 1.794000000000000000e+03
-6.011276245117187500e+02 3.313873596191406250e+02 1.791000000000000000e+03
-6.011276245117187500e+02 3.370632019042968750e+02 1.791000000000000000e+03
-6.021345214843750000e+02 3.433131408691406250e+02 1.794000000000000000e+03
-6.041483764648437500e+02 3.501657104492187500e+02 1.800000000000000000e+03
-6.051552734375000000e+02 3.564631958007812500e+02 1.803000000000000000e+03
-6.081760253906250000e+02 3.639849243164062500e+02 1.812000000000000000e+03
-6.111967773437500000e+02 3.715637207031250000e+02 1.821000000000000000e+03
-6.122036743164062500e+02 3.779562683105468750e+02 1.824000000000000000e+03
-6.132105712890625000e+02 3.843678283691406250e+02 1.827000000000000000e+03
-6.142175292968750000e+02 3.907984008789062500e+02 1.830000000000000000e+03
-9.226688232421875000e+02 5.957636718750000000e+02 2.749000000000000000e+03
-9.226688232421875000e+02 6.044754638671875000e+02 2.749000000000000000e+03
-9.226688232421875000e+02 6.131873168945312500e+02 2.749000000000000000e+03
-9.226688232421875000e+02 6.218991088867187500e+02 2.749000000000000000e+03
-6.004388427734375000e+02 2.712056579589843750e+02 1.806000000000000000e+03
-5.984440307617187500e+02 2.760090026855468750e+02 1.800000000000000000e+03
-5.974465942382812500e+02 2.812438354492187500e+02 1.797000000000000000e+03
-5.974465942382812500e+02 2.869386901855468750e+02 1.797000000000000000e+03
-5.964492187500000000e+02 2.921449890136718750e+02 1.794000000000000000e+03
-5.964492187500000000e+02 2.978303527832031250e+02 1.794000000000000000e+03
-5.964492187500000000e+02 3.035156860351562500e+02 1.794000000000000000e+03
-5.964492187500000000e+02 3.092010498046875000e+02 1.794000000000000000e+03
-5.964492187500000000e+02 3.148863830566406250e+02 1.794000000000000000e+03
-5.964492187500000000e+02 3.205717468261718750e+02 1.794000000000000000e+03
-5.964492187500000000e+02 3.262571105957031250e+02 1.794000000000000000e+03
-5.954517822265625000e+02 3.313873596191406250e+02 1.791000000000000000e+03
-5.954517822265625000e+02 3.370632019042968750e+02 1.791000000000000000e+03
-5.974465942382812500e+02 3.438872375488281250e+02 1.797000000000000000e+03
-5.994414062500000000e+02 3.507493286132812500e+02 1.803000000000000000e+03
-6.014362182617187500e+02 3.576494140625000000e+02 1.809000000000000000e+03
-6.034310302734375000e+02 3.645875549316406250e+02 1.815000000000000000e+03
-6.064232788085937500e+02 3.721758422851562500e+02 1.824000000000000000e+03
-6.074206542968750000e+02 3.785779113769531250e+02 1.827000000000000000e+03
-6.094154663085937500e+02 3.856301269531250000e+02 1.833000000000000000e+03
-6.114102783203125000e+02 3.927203674316406250e+02 1.839000000000000000e+03
-9.116296997070312500e+02 5.942465820312500000e+02 2.742000000000000000e+03
-9.116296997070312500e+02 6.029362792968750000e+02 2.742000000000000000e+03
-9.139569702148437500e+02 6.131873168945312500e+02 2.749000000000000000e+03
-9.162843017578125000e+02 6.234827270507812500e+02 2.756000000000000000e+03
-9.206063842773437500e+02 6.351989135742187500e+02 2.769000000000000000e+03
-5.957033691406250000e+02 2.716561584472656250e+02 1.809000000000000000e+03
-5.947154541015625000e+02 2.769290161132812500e+02 1.806000000000000000e+03
-5.937275390625000000e+02 2.821828613281250000e+02 1.803000000000000000e+03
-5.927396240234375000e+02 2.874177246093750000e+02 1.800000000000000000e+03
-5.927396240234375000e+02 2.931220703125000000e+02 1.800000000000000000e+03
-5.927396240234375000e+02 2.988264465332031250e+02 1.800000000000000000e+03
-5.917517700195312500e+02 3.040232543945312500e+02 1.797000000000000000e+03
-5.917517700195312500e+02 3.097181091308593750e+02 1.797000000000000000e+03
-5.917517700195312500e+02 3.154129638671875000e+02 1.797000000000000000e+03
-5.907638549804687500e+02 3.205717468261718750e+02 1.794000000000000000e+03
-5.907638549804687500e+02 3.262571105957031250e+02 1.794000000000000000e+03
-5.907638549804687500e+02 3.319424438476562500e+02 1.794000000000000000e+03
-5.907638549804687500e+02 3.376278076171875000e+02 1.794000000000000000e+03
-5.937275390625000000e+02 3.450354614257812500e+02 1.803000000000000000e+03
-5.957033691406250000e+02 3.519165344238281250e+02 1.809000000000000000e+03
-5.966912231445312500e+02 3.582425537109375000e+02 1.812000000000000000e+03
-5.996549682617187500e+02 3.657928161621093750e+02 1.821000000000000000e+03
-6.016307373046875000e+02 3.727879638671875000e+02 1.827000000000000000e+03
-6.036065673828125000e+02 3.798211669921875000e+02 1.833000000000000000e+03
-6.045944213867187500e+02 3.862612609863281250e+02 1.836000000000000000e+03
-6.065702514648437500e+02 3.933610229492187500e+02 1.842000000000000000e+03
-8.897680664062500000e+02 5.855778198242187500e+02 2.702000000000000000e+03
-8.940489501953125000e+02 5.969992675781250000e+02 2.715000000000000000e+03
-8.986591796875000000e+02 6.087261352539062500e+02 2.729000000000000000e+03
-9.052451782226562500e+02 6.218991088867187500e+02 2.749000000000000000e+03
-9.098553466796875000e+02 6.338225097656250000e+02 2.763000000000000000e+03
-5.929056396484375000e+02 2.730076904296875000e+02 1.818000000000000000e+03
-5.909488525390625000e+02 2.778490600585937500e+02 1.812000000000000000e+03
-5.899704589843750000e+02 2.831219177246093750e+02 1.809000000000000000e+03
-5.889920654296875000e+02 2.883757629394531250e+02 1.806000000000000000e+03
-5.880136718750000000e+02 2.936105957031250000e+02 1.803000000000000000e+03
-5.870352783203125000e+02 2.988264465332031250e+02 1.800000000000000000e+03
-5.870352783203125000e+02 3.045307922363281250e+02 1.800000000000000000e+03
-5.870352783203125000e+02 3.102351684570312500e+02 1.800000000000000000e+03
-5.870352783203125000e+02 3.159395141601562500e+02 1.800000000000000000e+03
-5.870352783203125000e+02 3.216439208984375000e+02 1.800000000000000000e+03
-5.870352783203125000e+02 3.273482666015625000e+02 1.800000000000000000e+03
-5.870352783203125000e+02 3.330526428222656250e+02 1.800000000000000000e+03
-5.870352783203125000e+02 3.387569885253906250e+02 1.800000000000000000e+03
-5.899704589843750000e+02 3.461836547851562500e+02 1.809000000000000000e+03
-5.919272460937500000e+02 3.530837707519531250e+02 1.815000000000000000e+03
-5.929056396484375000e+02 3.594287719726562500e+02 1.818000000000000000e+03
-5.938840332031250000e+02 3.657928161621093750e+02 1.821000000000000000e+03
-5.968192138671875000e+02 3.734001159667968750e+02 1.830000000000000000e+03
-5.987760009765625000e+02 3.804428100585937500e+02 1.836000000000000000e+03
-5.997543945312500000e+02 3.868924255371093750e+02 1.839000000000000000e+03
-6.017111816406250000e+02 3.940016784667968750e+02 1.845000000000000000e+03
-8.727258300781250000e+02 5.799430541992187500e+02 2.676000000000000000e+03
-8.769655151367187500e+02 5.912821044921875000e+02 2.689000000000000000e+03
-8.834880981445312500e+02 6.042649536132812500e+02 2.709000000000000000e+03
-8.919675292968750000e+02 6.187319335937500000e+02 2.735000000000000000e+03
-8.988162841796875000e+02 6.322167358398437500e+02 2.756000000000000000e+03
-5.910197753906250000e+02 2.748096923828125000e+02 1.830000000000000000e+03
-5.881130981445312500e+02 2.792290954589843750e+02 1.821000000000000000e+03
-5.861753540039062500e+02 2.840609741210937500e+02 1.815000000000000000e+03
-5.842376098632812500e+02 2.888547973632812500e+02 1.809000000000000000e+03
-5.832686767578125000e+02 2.940991516113281250e+02 1.806000000000000000e+03
-5.822998046875000000e+02 2.993244934082031250e+02 1.803000000000000000e+03
-5.822998046875000000e+02 3.050383605957031250e+02 1.803000000000000000e+03
-5.822998046875000000e+02 3.107522277832031250e+02 1.803000000000000000e+03
-5.822998046875000000e+02 3.164660949707031250e+02 1.803000000000000000e+03
-5.822998046875000000e+02 3.221799926757812500e+02 1.803000000000000000e+03
-5.832686767578125000e+02 3.284394226074218750e+02 1.806000000000000000e+03
-5.832686767578125000e+02 3.341628112792968750e+02 1.806000000000000000e+03
-5.842376098632812500e+02 3.404507751464843750e+02 1.809000000000000000e+03
-5.852064819335937500e+02 3.467577514648437500e+02 1.812000000000000000e+03
-5.871442260742187500e+02 3.536673583984375000e+02 1.818000000000000000e+03
-5.871442260742187500e+02 3.594287719726562500e+02 1.818000000000000000e+03
-5.890820312500000000e+02 3.663954162597656250e+02 1.824000000000000000e+03
-5.910197753906250000e+02 3.734001159667968750e+02 1.830000000000000000e+03
-5.929575195312500000e+02 3.804428100585937500e+02 1.836000000000000000e+03
-5.939264526367187500e+02 3.868924255371093750e+02 1.839000000000000000e+03
-5.958641967773437500e+02 3.940016784667968750e+02 1.845000000000000000e+03
-8.539105224609375000e+02 5.730080566406250000e+02 2.644000000000000000e+03
-8.600468139648437500e+02 5.855650024414062500e+02 2.663000000000000000e+03
-8.665060424804687500e+02 5.984654541015625000e+02 2.683000000000000000e+03
-8.749030761718750000e+02 6.128500366210937500e+02 2.709000000000000000e+03
-8.833000488281250000e+02 6.273994140625000000e+02 2.735000000000000000e+03
-5.861797485351562500e+02 2.752602233886718750e+02 1.833000000000000000e+03
-5.833015747070312500e+02 2.796891174316406250e+02 1.824000000000000000e+03
-5.804234619140625000e+02 2.840609741210937500e+02 1.815000000000000000e+03
-5.785046997070312500e+02 2.888547973632812500e+02 1.809000000000000000e+03
-5.775453491210937500e+02 2.940991516113281250e+02 1.806000000000000000e+03
-5.775453491210937500e+02 2.998225097656250000e+02 1.806000000000000000e+03
-5.765859375000000000e+02 3.050383605957031250e+02 1.803000000000000000e+03
-5.765859375000000000e+02 3.107522277832031250e+02 1.803000000000000000e+03
-5.765859375000000000e+02 3.164660949707031250e+02 1.803000000000000000e+03
-5.765859375000000000e+02 3.221799926757812500e+02 1.803000000000000000e+03
-5.775453491210937500e+02 3.284394226074218750e+02 1.806000000000000000e+03
-5.775453491210937500e+02 3.341628112792968750e+02 1.806000000000000000e+03
-5.785046997070312500e+02 3.404507751464843750e+02 1.809000000000000000e+03
-5.794640502929687500e+02 3.467577514648437500e+02 1.812000000000000000e+03
-5.813828125000000000e+02 3.536673583984375000e+02 1.818000000000000000e+03
-5.823422241210937500e+02 3.600218811035156250e+02 1.821000000000000000e+03
-5.842609863281250000e+02 3.669980468750000000e+02 1.827000000000000000e+03
-5.852203369140625000e+02 3.734001159667968750e+02 1.830000000000000000e+03
-5.871390991210937500e+02 3.804428100585937500e+02 1.836000000000000000e+03
-5.890578613281250000e+02 3.875235595703125000e+02 1.842000000000000000e+03
-5.900172119140625000e+02 3.940016784667968750e+02 1.845000000000000000e+03
-8.455314941406250000e+02 5.730080566406250000e+02 2.644000000000000000e+03
-8.496887817382812500e+02 5.842456665039062500e+02 2.657000000000000000e+03
-8.538460693359375000e+02 5.955656738281250000e+02 2.670000000000000000e+03
-8.599221191406250000e+02 6.083255004882812500e+02 2.689000000000000000e+03
-5.775211791992187500e+02 2.796891174316406250e+02 1.824000000000000000e+03
-5.746715698242187500e+02 2.840609741210937500e+02 1.815000000000000000e+03
-5.727717895507812500e+02 2.888547973632812500e+02 1.809000000000000000e+03
-5.718219604492187500e+02 2.940991516113281250e+02 1.806000000000000000e+03
-5.718219604492187500e+02 2.998225097656250000e+02 1.806000000000000000e+03
-5.718219604492187500e+02 3.055458984375000000e+02 1.806000000000000000e+03
-5.718219604492187500e+02 3.112692871093750000e+02 1.806000000000000000e+03
-5.718219604492187500e+02 3.169926452636718750e+02 1.806000000000000000e+03
-5.718219604492187500e+02 3.227160644531250000e+02 1.806000000000000000e+03
-5.727717895507812500e+02 3.289850158691406250e+02 1.809000000000000000e+03
-5.727717895507812500e+02 3.347178955078125000e+02 1.809000000000000000e+03
-5.727717895507812500e+02 3.404507751464843750e+02 1.809000000000000000e+03
-5.737216796875000000e+02 3.467577514648437500e+02 1.812000000000000000e+03
-5.746715698242187500e+02 3.530837707519531250e+02 1.815000000000000000e+03
-5.765712890625000000e+02 3.600218811035156250e+02 1.821000000000000000e+03
-5.784710693359375000e+02 3.669980468750000000e+02 1.827000000000000000e+03
-5.803707885742187500e+02 3.740122375488281250e+02 1.833000000000000000e+03
-5.822705078125000000e+02 3.810644531250000000e+02 1.839000000000000000e+03
-5.832203979492187500e+02 3.875235595703125000e+02 1.842000000000000000e+03
-0.000000000000000000e+00 0.000000000000000000e+00 0.000000000000000000e+00
-8.412684936523437500e+02 5.758253784179687500e+02 2.657000000000000000e+03
-8.431682739257812500e+02 5.855650024414062500e+02 2.663000000000000000e+03
-8.472843627929687500e+02 5.969040527343750000e+02 2.676000000000000000e+03
-8.514004516601562500e+02 6.083255004882812500e+02 2.689000000000000000e+03
-5.726810913085937500e+02 2.801491394042968750e+02 1.827000000000000000e+03
-5.708004150390625000e+02 2.850000000000000000e+02 1.821000000000000000e+03
-5.689196777343750000e+02 2.898128662109375000e+02 1.815000000000000000e+03
-5.670389404296875000e+02 2.945876770019531250e+02 1.809000000000000000e+03
-5.670389404296875000e+02 3.003205566406250000e+02 1.809000000000000000e+03
-5.670389404296875000e+02 3.060534362792968750e+02 1.809000000000000000e+03
-5.679793090820312500e+02 3.123034057617187500e+02 1.812000000000000000e+03
-5.679793090820312500e+02 3.180457763671875000e+02 1.812000000000000000e+03
-5.679793090820312500e+02 3.237882080078125000e+02 1.812000000000000000e+03
-5.679793090820312500e+02 3.295305786132812500e+02 1.812000000000000000e+03
-5.679793090820312500e+02 3.352729797363281250e+02 1.812000000000000000e+03
-5.679793090820312500e+02 3.410153808593750000e+02 1.812000000000000000e+03
-5.689196777343750000e+02 3.473318481445312500e+02 1.815000000000000000e+03
-5.689196777343750000e+02 3.530837707519531250e+02 1.815000000000000000e+03
-5.708004150390625000e+02 3.600218811035156250e+02 1.821000000000000000e+03
-5.726810913085937500e+02 3.669980468750000000e+02 1.827000000000000000e+03
-5.755021972656250000e+02 3.746243591308593750e+02 1.836000000000000000e+03
-5.755021972656250000e+02 3.804428100585937500e+02 1.836000000000000000e+03
-5.773829345703125000e+02 3.875235595703125000e+02 1.842000000000000000e+03
-0.000000000000000000e+00 0.000000000000000000e+00 0.000000000000000000e+00
-8.428787841796875000e+02 5.827604370117187500e+02 2.689000000000000000e+03
-8.428787841796875000e+02 5.912821044921875000e+02 2.689000000000000000e+03
-8.428787841796875000e+02 5.998038330078125000e+02 2.689000000000000000e+03
-5.650294799804687500e+02 2.850000000000000000e+02 1.821000000000000000e+03
-5.640986328125000000e+02 2.902919006347656250e+02 1.818000000000000000e+03
-5.631677856445312500e+02 2.955647583007812500e+02 1.815000000000000000e+03
-5.622369384765625000e+02 3.008186035156250000e+02 1.812000000000000000e+03
-5.631677856445312500e+02 3.070685424804687500e+02 1.815000000000000000e+03
-5.640986328125000000e+02 3.133375244140625000e+02 1.818000000000000000e+03
-5.631677856445312500e+02 3.185723571777343750e+02 1.815000000000000000e+03
-5.631677856445312500e+02 3.243242797851562500e+02 1.815000000000000000e+03
-5.631677856445312500e+02 3.300761718750000000e+02 1.815000000000000000e+03
-5.631677856445312500e+02 3.358280639648437500e+02 1.815000000000000000e+03
-5.631677856445312500e+02 3.415799560546875000e+02 1.815000000000000000e+03
-5.631677856445312500e+02 3.473318481445312500e+02 1.815000000000000000e+03
-5.640986328125000000e+02 3.536673583984375000e+02 1.818000000000000000e+03
-5.650294799804687500e+02 3.600218811035156250e+02 1.821000000000000000e+03
-5.678220214843750000e+02 3.676006774902343750e+02 1.830000000000000000e+03
-5.706146240234375000e+02 3.752365112304687500e+02 1.839000000000000000e+03
-5.724763183593750000e+02 3.823077392578125000e+02 1.845000000000000000e+03
-0.000000000000000000e+00 0.000000000000000000e+00 0.000000000000000000e+00
-0.000000000000000000e+00 0.000000000000000000e+00 0.000000000000000000e+00
-8.343571166992187500e+02 5.827604370117187500e+02 2.689000000000000000e+03
-8.324953613281250000e+02 5.899627685546875000e+02 2.683000000000000000e+03
-8.324953613281250000e+02 5.984654541015625000e+02 2.683000000000000000e+03
-5.620225830078125000e+02 2.864085693359375000e+02 1.830000000000000000e+03
-5.601799316406250000e+02 2.912499389648437500e+02 1.824000000000000000e+03
-5.592585449218750000e+02 2.965418395996093750e+02 1.821000000000000000e+03
-5.592585449218750000e+02 3.023127441406250000e+02 1.821000000000000000e+03
-5.592585449218750000e+02 3.080836486816406250e+02 1.821000000000000000e+03
-5.601799316406250000e+02 3.143716125488281250e+02 1.824000000000000000e+03
-5.601799316406250000e+02 3.201520385742187500e+02 1.824000000000000000e+03
-5.601799316406250000e+02 3.259324951171875000e+02 1.824000000000000000e+03
-5.601799316406250000e+02 3.317129211425781250e+02 1.824000000000000000e+03
-5.592585449218750000e+02 3.369382324218750000e+02 1.821000000000000000e+03
-5.583372192382812500e+02 3.421445617675781250e+02 1.818000000000000000e+03
-5.592585449218750000e+02 3.484800720214843750e+02 1.821000000000000000e+03
-5.592585449218750000e+02 3.542509765625000000e+02 1.821000000000000000e+03
-5.611012573242187500e+02 3.612081298828125000e+02 1.827000000000000000e+03
-5.629439697265625000e+02 3.682033081054687500e+02 1.833000000000000000e+03
-5.657080078125000000e+02 3.758486328125000000e+02 1.842000000000000000e+03
-5.684720458984375000e+02 3.835510253906250000e+02 1.851000000000000000e+03
-5.703147583007812500e+02 3.906792907714843750e+02 1.857000000000000000e+03
-0.000000000000000000e+00 0.000000000000000000e+00 0.000000000000000000e+00
-8.218428955078125000e+02 5.799430541992187500e+02 2.676000000000000000e+03
-8.218428955078125000e+02 5.884235839843750000e+02 2.676000000000000000e+03
-5.571350097656250000e+02 2.926870422363281250e+02 1.833000000000000000e+03
-5.562232055664062500e+02 2.980074462890625000e+02 1.830000000000000000e+03
-5.562232055664062500e+02 3.038068847656250000e+02 1.830000000000000000e+03
-5.571350097656250000e+02 3.101138610839843750e+02 1.833000000000000000e+03
-5.571350097656250000e+02 3.159227905273437500e+02 1.833000000000000000e+03
-5.571350097656250000e+02 3.217317504882812500e+02 1.833000000000000000e+03
-5.571350097656250000e+02 3.275407104492187500e+02 1.833000000000000000e+03
-5.571350097656250000e+02 3.333496398925781250e+02 1.833000000000000000e+03
-5.571350097656250000e+02 3.391585998535156250e+02 1.833000000000000000e+03
-5.562232055664062500e+02 3.444029541015625000e+02 1.830000000000000000e+03
-5.562232055664062500e+02 3.502023620605468750e+02 1.830000000000000000e+03
-5.571350097656250000e+02 3.565854187011718750e+02 1.833000000000000000e+03
-5.580468750000000000e+02 3.629874877929687500e+02 1.836000000000000000e+03
-5.598705444335937500e+02 3.700111694335937500e+02 1.842000000000000000e+03
-5.616942138671875000e+02 3.770729064941406250e+02 1.848000000000000000e+03
-5.644297485351562500e+02 3.847942810058593750e+02 1.857000000000000000e+03
-5.671652832031250000e+02 3.925727233886718750e+02 1.866000000000000000e+03
-5.808428955078125000e+02 4.080960388183593750e+02 1.911000000000000000e+03
-7.869190063476562500e+02 5.610884399414062500e+02 2.589000000000000000e+03
-5.540330810546875000e+02 2.999615783691406250e+02 1.842000000000000000e+03
-5.540330810546875000e+02 3.057990417480468750e+02 1.842000000000000000e+03
-5.549354248046875000e+02 3.121440734863281250e+02 1.845000000000000000e+03
-5.549354248046875000e+02 3.179910278320312500e+02 1.845000000000000000e+03
-5.549354248046875000e+02 3.238380126953125000e+02 1.845000000000000000e+03
-5.549354248046875000e+02 3.296849975585937500e+02 1.845000000000000000e+03
-5.549354248046875000e+02 3.355319824218750000e+02 1.845000000000000000e+03
-5.549354248046875000e+02 3.413789367675781250e+02 1.845000000000000000e+03
-5.540330810546875000e+02 3.466613159179687500e+02 1.842000000000000000e+03
-5.549354248046875000e+02 3.530728759765625000e+02 1.845000000000000000e+03
-5.558377685546875000e+02 3.595034790039062500e+02 1.848000000000000000e+03
-5.585447387695312500e+02 3.671392822265625000e+02 1.857000000000000000e+03
-5.642595214843750000e+02 3.768409118652343750e+02 1.876000000000000000e+03
-5.720797729492187500e+02 3.880912475585937500e+02 1.902000000000000000e+03
-5.777945556640625000e+02 3.980559082031250000e+02 1.921000000000000000e+03
-5.859155273437500000e+02 4.098240356445312500e+02 1.948000000000000000e+03
-5.985482177734375000e+02 4.249665832519531250e+02 1.990000000000000000e+03
-5.526597290039062500e+02 3.082892761230468750e+02 1.857000000000000000e+03
-5.526597290039062500e+02 3.141742858886718750e+02 1.857000000000000000e+03
-5.526597290039062500e+02 3.200592651367187500e+02 1.857000000000000000e+03
-5.526597290039062500e+02 3.259442749023437500e+02 1.857000000000000000e+03
-5.526597290039062500e+02 3.318292846679687500e+02 1.857000000000000000e+03
-5.526597290039062500e+02 3.377142944335937500e+02 1.857000000000000000e+03
-5.526597290039062500e+02 3.435993041992187500e+02 1.857000000000000000e+03
-5.526597290039062500e+02 3.494842834472656250e+02 1.857000000000000000e+03
-5.553382568359375000e+02 3.570916137695312500e+02 1.866000000000000000e+03
-5.621832275390625000e+02 3.674794616699218750e+02 1.889000000000000000e+03
-5.687306518554687500e+02 3.778153991699218750e+02 1.911000000000000000e+03
-5.797421875000000000e+02 3.913038940429687500e+02 1.948000000000000000e+03
-5.901584472656250000e+02 4.046188049316406250e+02 1.983000000000000000e+03
-5.955154418945312500e+02 4.146329345703125000e+02 2.001000000000000000e+03
-6.053365478515625000e+02 4.279169006347656250e+02 2.034000000000000000e+03
-5.514857788085937500e+02 3.168812255859375000e+02 1.873000000000000000e+03
-5.506024780273437500e+02 3.222998657226562500e+02 1.870000000000000000e+03
-5.506024780273437500e+02 3.282260437011718750e+02 1.870000000000000000e+03
-5.506024780273437500e+02 3.341522827148437500e+02 1.870000000000000000e+03
-5.494246826171875000e+02 3.393510437011718750e+02 1.866000000000000000e+03
-5.514857788085937500e+02 3.465597534179687500e+02 1.873000000000000000e+03
-5.532524414062500000e+02 3.536246643066406250e+02 1.879000000000000000e+03
-5.588468017578125000e+02 3.632153625488281250e+02 1.898000000000000000e+03
-5.697410278320312500e+02 3.764281311035156250e+02 1.935000000000000000e+03
-5.818131103515625000e+02 3.906662597656250000e+02 1.976000000000000000e+03
-5.956517333984375000e+02 4.063694763183593750e+02 2.023000000000000000e+03
-6.100792846679687500e+02 4.227787170410156250e+02 2.072000000000000000e+03
-6.156736450195312500e+02 4.332821044921875000e+02 2.091000000000000000e+03
-5.472977294921875000e+02 3.357604980468750000e+02 1.879000000000000000e+03
-5.472977294921875000e+02 3.417152099609375000e+02 1.879000000000000000e+03
-5.490453491210937500e+02 3.487801208496093750e+02 1.885000000000000000e+03
-5.528318481445312500e+02 3.572004394531250000e+02 1.898000000000000000e+03
-5.586572875976562500e+02 3.670426940917968750e+02 1.918000000000000000e+03
-5.726382446289062500e+02 3.824587707519531250e+02 1.966000000000000000e+03
-5.924446411132812500e+02 4.021331787109375000e+02 2.034000000000000000e+03
-6.113772583007812500e+02 4.216359558105468750e+02 2.099000000000000000e+03
-5.459526367187500000e+02 3.506304016113281250e+02 1.895000000000000000e+03
-5.505622558593750000e+02 3.596470031738281250e+02 1.911000000000000000e+03
-5.903202514648437500e+02 4.050987548828125000e+02 2.049000000000000000e+03
