1.895230063474157214e+04 1.033354433493190072e+03 8.027074410569166503e+03
-1.084299471587438456e+05 -4.882445802632680170e+03 -3.038107810312950460e+04
2.090552421807931751e+03 2.879970730095529348e+02 2.468449064473699309e+03
6.882466820748902137e+03 2.741076862002217354e+02 4.076349381844464460e+03
5.246992545646817234e+03 5.101250046732064334e+02 3.645385222444270312e+03
-1.391037243590761500e+05 3.342110557073192467e+02 -4.458099791698370245e+04
-3.086484819909032667e+05 -2.957940704936935617e+03 -9.057902740752244426e+04
8.474482739016972118e+03 3.117042579920417325e+02 4.824430724043512782e+03
1.610239586708605930e+04 3.112035121917116385e+02 5.834143141177551115e+03
-6.229268938531359936e+02 5.546289563172728521e+01 1.300714145021827107e+03
1.431730994288176771e+04 5.415519546474421304e+02 7.077459824666791974e+03
-3.004733165284775314e+05 -7.649626174471984996e+03 -9.461624831463018199e+04
-5.792798524070656185e+02 2.067784620887789231e+02 1.413319634016829241e+03
-2.061374762346076182e+02 1.969554809505452795e+02 1.494608220924824309e+03
-1.649589300400065258e+04 -3.009427808842012269e+02 -4.753755549952956244e+03
-6.722702227652287111e+05 -1.292494100263067958e+04 -1.946757892665947438e+05
-4.086048790590755857e+02 1.086625023006823909e+02 1.346553342181787229e+03
-1.051129051825926399e+04 -1.169245619274791466e+02 -6.679526740950733199e+01
-6.967642188680793333e+04 -3.110239460512885671e+03 -1.922335914646189121e+04
-2.207784618194184441e+04 4.412306253583746525e+02 -2.746470595892819802e+03
